148,52
148,51
148,50
148,49
148,48
148,47
148,46
148,45
148,44
148,43
148,42
148,41
148,40
148,39
148,38
148,37
148,36
148,35
10,215
10,25
10,237
10,87
10,123
10,299
10,219
11,19
11,25
11,29
11,15
11,9
11,11
11,23
9,5
8,15
8,17
8,16
8,14
8,9
8,6
8,2
8,3
12,2
12,1
12,3
20,2
20,1
20,3
19,2
19,1
19,3
18,1
18,3
14,5
14,3
13,1
13,3
2,2
2,1
2,3
132,3
132,1
131,3
131,1
130,3
130,1
129,3
129,2
129,1
129,0
128,5
128,4
128,3
128,2
128,1
128,0
127,3
127,2
127,1
127,0
126,3
126,2
126,1
126,0
125,3
125,2
125,1
125,0
124,3
124,2
124,1
124,0
123,3
123,2
123,1
123,0
122,5
122,4
122,3
122,2
122,1
122,0
121,3
121,2
121,1
121,0
120,3
120,2
120,1
120,0
119,4
119,3
119,2
119,1
119,0
118,3
118,2
118,1
118,0
117,3
117,2
117,1
117,0
116,4
116,3
116,2
116,1
116,0
115,3
115,2
115,1
115,0
114,3
114,2
114,1
114,0
113,3
113,2
113,1
113,0
